Thu Sep 11 12:28:30 2025       
+-----------------------------------------------------------------------------------------+
| NVIDIA-SMI 560.35.03              Driver Version: 560.35.03      CUDA Version: 12.6     |
|-----------------------------------------+------------------------+----------------------+
| GPU  Name                 Persistence-M | Bus-Id          Disp.A | Volatile Uncorr. ECC |
| Fan  Temp   Perf          Pwr:Usage/Cap |           Memory-Usage | GPU-Util  Compute M. |
|                                         |                        |               MIG M. |
|=========================================+========================+======================|
|   0  NVIDIA RTX A2000 12GB          Off |   00000000:B3:00.0  On |                  Off |
| 30%   34C    P8             12W /   70W |     494MiB /  12282MiB |      0%      Default |
|                                         |                        |                  N/A |
+-----------------------------------------+------------------------+----------------------+
                                                                                         
+-----------------------------------------------------------------------------------------+
| Processes:                                                                              |
|  GPU   GI   CI        PID   Type   Process name                              GPU Memory |
|        ID   ID                                                               Usage      |
|=========================================================================================|
|    0   N/A  N/A      2301      G   /usr/lib/xorg/Xorg                             97MiB |
|    0   N/A  N/A      3525      G   /usr/lib/xorg/Xorg                            138MiB |
|    0   N/A  N/A      3655      G   /usr/bin/gnome-shell                          147MiB |
|    0   N/A  N/A   3114587      G   /snap/slack/209/usr/lib/slack/slack            72MiB |
+-----------------------------------------------------------------------------------------+


limits.cu

Device: NVIDIA RTX A2000 12GB
Max threads per block: 1024
Max threads per multiprocessor: 1536
Max block dimensions: 1024 x 1024 x 64
Max grid dimensions: 2147483647 x 65535 x 65535
Shared memory per block: 48 KB
Registers per block: 65536


Matrix A:
0 1 2 3 
4 5 6 7 
8 9 10 11 
12 13 14 15 
Matrix B:
0 1 2 3 
0 1 2 3 
0 1 2 3 
0 1 2 3 
Result matrix C:
0 0 0 0 0 1 2 3 0 2 4 6 0 3 6 9 
0 1 2 3 0 2 4 6 0 3 6 9 5.57593e+21 4.5786e-41 8.08117e+21 4.5786e-41 
0 2 4 6 0 3 6 9 5.57593e+21 4.5786e-41 8.08117e+21 4.5786e-41 8.19058e+21 4.5786e-41 6.04586e+21 4.5786e-41 
0 3 6 9 5.57593e+21 4.5786e-41 8.08117e+21 4.5786e-41 8.19058e+21 4.5786e-41 6.04586e+21 4.5786e-41 0 0 0 0 
5.57593e+21 4.5786e-41 8.08117e+21 4.5786e-41 8.19058e+21 4.5786e-41 6.04586e+21 4.5786e-41 0 0 0 0 8.18678e+21 4.5786e-41 -5.59375e+18 4.59135e-41 
8.19058e+21 4.5786e-41 6.04586e+21 4.5786e-41 0 0 0 0 8.18678e+21 4.5786e-41 -5.59375e+18 4.59135e-41 0 4.48416e-44 8.08424e+21 4.5786e-41 
0 0 0 0 8.18678e+21 4.5786e-41 -5.59375e+18 4.59135e-41 0 4.48416e-44 8.08424e+21 4.5786e-41 -5.433e+18 4.59135e-41 9.80909e-45 0 
8.18678e+21 4.5786e-41 -5.59375e+18 4.59135e-41 0 4.48416e-44 8.08424e+21 4.5786e-41 -5.433e+18 4.59135e-41 9.80909e-45 0 9.80909e-45 1.12104e-44 8.08277e+21 4.5786e-41 
0 4.48416e-44 8.08424e+21 4.5786e-41 -5.433e+18 4.59135e-41 9.80909e-45 0 9.80909e-45 1.12104e-44 8.08277e+21 4.5786e-41 8.18948e+21 4.5786e-41 8.11414e+21 4.5786e-41 
-5.433e+18 4.59135e-41 9.80909e-45 0 9.80909e-45 1.12104e-44 8.08277e+21 4.5786e-41 8.18948e+21 4.5786e-41 8.11414e+21 4.5786e-41 1.26117e-44 0 8.11537e+21 4.5786e-41 
9.80909e-45 1.12104e-44 8.08277e+21 4.5786e-41 8.18948e+21 4.5786e-41 8.11414e+21 4.5786e-41 1.26117e-44 0 8.11537e+21 4.5786e-41 -5.43291e+18 4.59135e-41 4.81445e+21 4.5786e-41 
8.18948e+21 4.5786e-41 8.11414e+21 4.5786e-41 1.26117e-44 0 8.11537e+21 4.5786e-41 -5.43291e+18 4.59135e-41 4.81445e+21 4.5786e-41 8.08117e+21 4.5786e-41 0 0 
1.26117e-44 0 8.11537e+21 4.5786e-41 -5.43291e+18 4.59135e-41 4.81445e+21 4.5786e-41 8.08117e+21 4.5786e-41 0 0 -5.43298e+18 4.59135e-41 0 0 
-5.43291e+18 4.59135e-41 4.81445e+21 4.5786e-41 8.08117e+21 4.5786e-41 0 0 -5.43298e+18 4.59135e-41 0 0 0 0 0 0 
8.08117e+21 4.5786e-41 0 0 -5.43298e+18 4.59135e-41 0 0 0 0 0 0 8.08312e+21 4.5786e-41 8.19107e+21 4.5786e-41 
-5.43298e+18 4.59135e-41 0 0 0 0 0 0 8.08312e+21 4.5786e-41 8.19107e+21 4.5786e-41 -5.43298e+18 4.59135e-41 8.08198e+21 4.5786e-41 

